4294967278,46
4294967278,45
4294967294,422
4294967294,97
4294967294,15
4294967294,30
4294967294,164
4294967294,115
4294967294,165
4294967294,113
4294967294,167
4294967294,177
4294967294,184
4294967294,384
4294967294,188
4294967294,185
4294967294,14
4294967294,20
4294967294,13
4294967294,160
4294967294,168
4294967294,162
4294967294,126
4294967294,12
4294967294,104
4294967294,106
4294967294,166
4294967294,24
4294967294,175
4294967294,176
4294967278,305
210,5
210,4
210,3
210,2
210,1
4294967294,1420
4294967294,1428
4294967294,261
4294967294,170
4294967294,218
4294967294,89
209,5
209,4
209,3
209,2
209,1
4294967279,157
4294967294,250
4294967279,464
4294967278,403
4294967294,1422
4294967279,467
4294967278,409
4294967279,317
4294967278,62
4294967278,61
4294967278,60
4294967278,59
4294967278,58
4294967278,57
4294967278,56
4294967278,55
4294967278,54
4294967279,89
4294967279,85
4294967279,83
4294967279,82
4294967279,81
4294967279,80
4294967279,78
4294967279,76
4294967279,454
4294967279,75
4294967279,453
4294967279,73
4294967279,72
4294967279,70
4294967279,68
4294967279,67
4294967279,64
4294967279,62
4294967279,61
4294967279,60
4294967279,59
4294967279,57
4294967279,56
4294967279,55
4294967279,53
4294967279,51
4294967279,47
4294967279,46
4294967279,45
4294967279,43
4294967279,41
4294967279,40
4294967279,39
4294967279,34
4294967279,33
4294967279,32
4294967279,31
4294967279,30
4294967279,28
4294967279,27
4294967279,26
4294967279,25
4294967279,23
4294967279,22
4294967279,20
4294967279,18
4294967279,17
4294967279,15
4294967279,14
4294967279,13
4294967279,37
4294967279,301
4294967278,382
4294967278,136
4294967279,24
4294967279,290
208,5
208,4
208,3
208,2
208,1
4294967278,284
207,5
207,4
207,3
207,2
207,1
4294967278,265
4294967279,12
4294967279,10
4294967279,283
4294967279,11
4294967278,408
4294967278,407
4294967278,346
4294967278,0
4294967278,259
4294967279,466
4294967279,457
4294967278,338
4294967278,339
4294967278,366
4294967279,431
4294967278,379
4294967278,384
4294967278,253
4294967278,333
4294967278,252
4294967278,332
4294967278,249
4294967279,250
4294967294,114
4294967278,241
206,5
4294967278,239
206,4
206,3
206,2
206,1
4294967279,239
4294967278,238
4294967279,238
4294967278,233
205,5
4294967278,231
205,4
205,3
205,2
205,1
4294967278,229
4294967279,229
4294967294,249
4294967294,109
4294967294,387
4294967278,224
4294967278,223
4294967278,226
4294967278,222
4294967279,219
4294967279,471
4294967278,406
4294967278,218
4294967278,216
4294967278,329
4294967278,330
4294967278,328
4294967278,211
4294967278,210
4294967278,208
4294967278,207
4294967279,208
4294967278,206
4294967279,207
4294967278,205
4294967279,206
4294967278,204
4294967279,205
4294967278,203
4294967279,204
4294967278,202
4294967278,197
4294967279,198
4294967278,196
4294967294,389
4294967294,419
4294967278,195
4294967279,440
4294967294,1427
4294967294,429
4294967278,192
4294967278,191
4294967278,190
4294967279,438
4294967278,318
4294967279,452
4294967278,401
4294967278,392
4294967278,405
4294967278,391
4294967279,463
4294967279,470
4294967278,315
4294967278,398
4294967279,385
4294967278,307
4294967279,315
4294967278,306
4294967278,180
4294967294,393
4294967294,388
4294967294,120
4294967294,254
4294967294,260
4294967294,161
4294967294,264
202,5
202,4
202,3
202,2
202,1
4294967279,469
4294967294,127
4294967294,18
4294967294,469
4294967294,1426
4294967294,437
4294967294,186
4294967294,40
4294967294,38
4294967294,37
4294967278,369
201,5
201,4
201,3
201,2
201,1
0,7
4294967294,2
4294967294,443
4294967294,1425
4294967294,1
4294967294,68
4294967294,11
4294967294,46
4294967278,155
4294967279,305
4294967294,0
4294967294,17
4294967294,99
4294967294,76
4294967294,107
4294967294,81
4294967294,50
4294967294,92
4294967294,91
4294967294,90
4294967294,88
4294967294,87
4294967294,86
4294967294,85
4294967294,84
4294967294,255
4294967294,83
4294967294,413
4294967294,253
4294967294,29
4294967294,214
4294967294,28
4294967294,221
4294967294,27
4294967294,216
4294967294,26
4294967294,53
4294967294,52
4294967294,1421
4294967294,439
4294967294,45
4294967294,44
4294967294,42
4294967294,41
4294967294,36
4294967294,425
4294967294,43
4294967294,417
4294967294,51
4294967294,470
4294967294,25
4294967294,267
4294967294,82
4294967294,39
4294967294,67
4294967294,96
4294967294,94
4294967279,468
4294967279,411
4294967294,9
4294967279,153
4294967294,8
4294967279,304
4294967294,7
4294967294,6
4294967294,22
4294967294,93
4294967294,95
4294967278,132
4294967278,131
4294967278,130
4294967278,129
4294967278,128
4294967278,127
4294967278,126
4294967278,125
4294967278,124
4294967278,123
4294967278,122
4294967278,121
4294967278,120
4294967278,119
4294967278,118
4294967278,117
4294967278,116
4294967278,115
4294967278,114
4294967278,113
4294967278,112
4294967278,111
4294967278,110
4294967278,109
4294967278,108
4294967278,107
4294967278,106
4294967278,105
4294967278,104
4294967278,103
4294967278,102
4294967278,101
4294967278,100
4294967278,99
